[LEFT_CAM_2K]
fx=1400.19
fy=1400.19
cx=1062.9
cy=588.957
k1=-0.169665
k2=0.0230907

[RIGHT_CAM_2K]
fx=1399.79
fy=1399.79
cx=1110.78
cy=605.16
k1=-0.172023
k2=0.0243765

[LEFT_CAM_FHD]
fx=1400.19
fy=1400.19
cx=918.903
cy=507.957
k1=-0.169665
k2=0.0230907

[RIGHT_CAM_FHD]
fx=1399.79
fy=1399.79
cx=966.776
cy=524.16
k1=-0.172023
k2=0.0243765

[LEFT_CAM_HD]
fx=700.093
fy=700.093
cx=617.951
cy=342.478
k1=-0.169665
k2=0.0230907

[RIGHT_CAM_HD]
fx=699.896
fy=699.896
cx=641.888
cy=350.58
k1=-0.172023
k2=0.0243765

[LEFT_CAM_VGA]
fx=350.046
fy=350.046
cx=324.476
cy=178.739
k1=-0.169665
k2=0.0230907

[RIGHT_CAM_VGA]
fx=349.948
fy=349.948
cx=336.444
cy=182.79
k1=-0.172023
k2=0.0243765

[STEREO]
Baseline=120
CV_2K=0.00889395
CV_FHD=0.00889395
CV_HD=0.00889395
CV_VGA=0.00889395
RX_2K=0.00954245
RX_FHD=0.00954245
RX_HD=0.00954245
RX_VGA=0.00954245
RZ_2K=0.000128587
RZ_FHD=0.000128587
RZ_HD=0.000128587
RZ_VGA=0.000128587
